Lognormal distribution assumed for positive observations.
Formula for binomial GLM: cpue ~ year + month + STATE + stbymon
Formula for gaussian GLM: log(cpue) ~ year + month + STATE + stbymon


index	jackknife
1993	1.93148644663086	NA
1994	1.99331097613929	NA
1995	1.8942109904402	NA
1996	2.17107404812569	NA
1997	1.64963107355893	NA
1998	2.07408821262726	NA
1999	2.12796126076177	NA
2000	1.67301617782635	NA
2001	1.63125612584062	NA
2002	1.92786400503236	NA
2003	2.6948573844658	NA
2004	3.05682999989107	NA
2005	3.69793634466953	NA
2006	2.81852492630728	NA
2007	2.45933275559419	NA
2008	1.70595747389741	NA
2009	2.00402853761795	NA
2010	2.33609972536205	NA
2011	2.58595306600458	NA


month
5	3.13275710590416
6	2.02887846829547
7	1.45187428553075
8	1.46923779756475
9	1.65154017062401
10	2.20265751194203
11	2.82060563258716
12	3.70793186737064


STATE
GN	1.42878379931204
NC	4.68697123339364
SC	1.5668010530575


stbymon
105	1.60343628793171
106	2.31138869918907
107	2.96455294310962
108	2.90957128308481
109	3.57355975749713
110	3.60146873119382
111	3.30810941838485
112	2.2007617016123
205	1.87673750654988
206	2.56220761945731
207	3.00832653215422
208	2.56154985544484
209	3.10891570365013
210	2.63047855986952
211	2.27554313514208
212	1.60343628793171
305	1.60343628793171
306	1.60343628793171
307	1.60343628793171
308	1.60343628793171
309	1.60343628793171
310	1.60343628793171
311	1.60343628793171
312	1.60343628793171


V1
AIC.binomial	38531.7720085816
AIC.lognormal	107603.184624672
sigma.mle	1.46292473532543
